11111000010000000000001011001001
10010001000000000000011111101010
10110100000000000000001001001001
10001011000010010000001111101011
10001011000111110000000101000000
10001011000111110000000101100001
10010100000000000000000000000110
10001011000111110000000011101010
11010001000000000000010101101011
11000011100000000000010101100000
01010100111111111111111101001111
00010100000000000000000000001001
10001011000111110000001111101100
10001011000111110000000000001101
10110100000000000000000010001101
10001011000000010000000110001100
11010001000000000000010110101101
00010111111111111111111111111101
10001011000011000000001111100111
11010110000000000000000000011110
11111000000000001000001011001010
